﻿Key,Initiative Cards,Sub Initiative,Metric,Month,Actual,Forecast,YTD Actual Totals,YTD Forecast Totals
Initiative Cards-Strategic Levers-Impressions-January,Initiative Cards,Strategic Levers,Impressions,January,324593184,303447136,324593184,303447136.2
Initiative Cards-Strategic Levers-Impressions-February,Initiative Cards,Strategic Levers,Impressions,February,2415768817,1351064926,2740362001,1654512062
Initiative Cards-Strategic Levers-Impressions-March,Initiative Cards,Strategic Levers,Impressions,March,2579297037,1597540951,5319659038,3252053013
Initiative Cards-Strategic Levers-Impressions-April,Initiative Cards,Strategic Levers,Impressions,April,1460043897,700082640,6779702935,3952135653
Initiative Cards-Strategic Levers-Impressions-May,Initiative Cards,Strategic Levers,Impressions,May,2158259518,1651879768,8937962453,5604015421
Initiative Cards-Strategic Levers-Impressions-June,Initiative Cards,Strategic Levers,Impressions,June,0,913994908,8937962453,6518010329
Initiative Cards-Strategic Levers-Impressions-July,Initiative Cards,Strategic Levers,Impressions,July,0,549929545,8937962453,7067939875
Initiative Cards-Strategic Levers-Impressions-August,Initiative Cards,Strategic Levers,Impressions,August,0,468723922,8937962453,7536663797
Initiative Cards-Strategic Levers-Impressions-September,Initiative Cards,Strategic Levers,Impressions,September,0,1066999475,8937962453,8603663272
Initiative Cards-Strategic Levers-Impressions-October,Initiative Cards,Strategic Levers,Impressions,October,0,2164423502,8937962453,10768086774
Initiative Cards-Strategic Levers-Impressions-November,Initiative Cards,Strategic Levers,Impressions,November,0,1069409928,8937962453,11837496702
Initiative Cards-Strategic Levers-Impressions-December,Initiative Cards,Strategic Levers,Impressions,December,0,2307250569,8937962453,14144747270
Initiative Cards-Strategic Levers-Engagement-January,Initiative Cards,Strategic Levers,Engagement,January,52799810,47506532,52799810,47506532.05
Initiative Cards-Strategic Levers-Engagement-February,Initiative Cards,Strategic Levers,Engagement,February,348642295,202033540,401442105,249540072.5
Initiative Cards-Strategic Levers-Engagement-March,Initiative Cards,Strategic Levers,Engagement,March,323431327,292691671,724873432,542231743.9
Initiative Cards-Strategic Levers-Engagement-April,Initiative Cards,Strategic Levers,Engagement,April,169585522,96004821,894458954,638236564.7
Initiative Cards-Strategic Levers-Engagement-May,Initiative Cards,Strategic Levers,Engagement,May,281210846,233535188,1175669800,871771752.2
Initiative Cards-Strategic Levers-Engagement-June,Initiative Cards,Strategic Levers,Engagement,June,0,162324242,1175669800,1034095994
Initiative Cards-Strategic Levers-Engagement-July,Initiative Cards,Strategic Levers,Engagement,July,0,89478191,1175669800,1123574185
Initiative Cards-Strategic Levers-Engagement-August,Initiative Cards,Strategic Levers,Engagement,August,0,75357564,1175669800,1198931749
Initiative Cards-Strategic Levers-Engagement-September,Initiative Cards,Strategic Levers,Engagement,September,0,202977678,1175669800,1401909428
Initiative Cards-Strategic Levers-Engagement-October,Initiative Cards,Strategic Levers,Engagement,October,0,315314804,1175669800,1717224232
Initiative Cards-Strategic Levers-Engagement-November,Initiative Cards,Strategic Levers,Engagement,November,0,161718466,1175669800,1878942698
Initiative Cards-Strategic Levers-Engagement-December,Initiative Cards,Strategic Levers,Engagement,December,0,400683600,1175669800,2279626298
Initiative Cards-Strategic Levers-Paid Sessions-January,Initiative Cards,Strategic Levers,Paid Sessions,January,124689,85232,124689,85232.03
Initiative Cards-Strategic Levers-Paid Sessions-February,Initiative Cards,Strategic Levers,Paid Sessions,February,1948898,1637401,2073587,1722633.41
Initiative Cards-Strategic Levers-Paid Sessions-March,Initiative Cards,Strategic Levers,Paid Sessions,March,3412445,1658749,5486032,3381382.42
Initiative Cards-Strategic Levers-Paid Sessions-April,Initiative Cards,Strategic Levers,Paid Sessions,April,1989243,685651,7475275,4067033.72
Initiative Cards-Strategic Levers-Paid Sessions-May,Initiative Cards,Strategic Levers,Paid Sessions,May,2329821,1969276,9805096,6036309.59
Initiative Cards-Strategic Levers-Paid Sessions-June,Initiative Cards,Strategic Levers,Paid Sessions,June,0,1163017,9805096,7199326.64
Initiative Cards-Strategic Levers-Paid Sessions-July,Initiative Cards,Strategic Levers,Paid Sessions,July,0,676067,9805096,7875394
Initiative Cards-Strategic Levers-Paid Sessions-August,Initiative Cards,Strategic Levers,Paid Sessions,August,0,542832,9805096,8418226.18
Initiative Cards-Strategic Levers-Paid Sessions-September,Initiative Cards,Strategic Levers,Paid Sessions,September,0,1034512,9805096,9452738.11
Initiative Cards-Strategic Levers-Paid Sessions-October,Initiative Cards,Strategic Levers,Paid Sessions,October,0,2046188,9805096,11498926.58
Initiative Cards-Strategic Levers-Paid Sessions-November,Initiative Cards,Strategic Levers,Paid Sessions,November,0,1158968,9805096,12657895
Initiative Cards-Strategic Levers-Paid Sessions-December,Initiative Cards,Strategic Levers,Paid Sessions,December,0,1447626,9805096,14105520.89
Initiative Cards-Strategic Levers UAE-Impressions-January,Initiative Cards,Strategic Levers UAE,Impressions,January,130131440,109939067,130131440,109939067.3
Initiative Cards-Strategic Levers UAE-Impressions-February,Initiative Cards,Strategic Levers UAE,Impressions,February,438896758,118229819,569028198,228168886
Initiative Cards-Strategic Levers UAE-Impressions-March,Initiative Cards,Strategic Levers UAE,Impressions,March,307577637,309312656,876605835,537481541.8
Initiative Cards-Strategic Levers UAE-Impressions-April,Initiative Cards,Strategic Levers UAE,Impressions,April,220310522,169679914,1096916357,707161456.2
Initiative Cards-Strategic Levers UAE-Impressions-May,Initiative Cards,Strategic Levers UAE,Impressions,May,439890697,403371786,1536807054,1110533242
Initiative Cards-Strategic Levers UAE-Impressions-June,Initiative Cards,Strategic Levers UAE,Impressions,June,0,181828718,1536807054,1292361960
Initiative Cards-Strategic Levers UAE-Impressions-July,Initiative Cards,Strategic Levers UAE,Impressions,July,0,55514592,1536807054,1347876553
Initiative Cards-Strategic Levers UAE-Impressions-August,Initiative Cards,Strategic Levers UAE,Impressions,August,0,42570536,1536807054,1390447089
Initiative Cards-Strategic Levers UAE-Impressions-September,Initiative Cards,Strategic Levers UAE,Impressions,September,0,42570536,1536807054,1433017625
Initiative Cards-Strategic Levers UAE-Impressions-October,Initiative Cards,Strategic Levers UAE,Impressions,October,0,256859400,1536807054,1689877025
Initiative Cards-Strategic Levers UAE-Impressions-November,Initiative Cards,Strategic Levers UAE,Impressions,November,0,182811372,1536807054,1872688397
Initiative Cards-Strategic Levers UAE-Impressions-December,Initiative Cards,Strategic Levers UAE,Impressions,December,0,240987658,1536807054,2113676055
Initiative Cards-Strategic Levers UAE-Engagement-January,Initiative Cards,Strategic Levers UAE,Engagement,January,9616256,9112826,9616256,9112825.67
Initiative Cards-Strategic Levers UAE-Engagement-February,Initiative Cards,Strategic Levers UAE,Engagement,February,17113834,16027083,26730090,25139908.49
Initiative Cards-Strategic Levers UAE-Engagement-March,Initiative Cards,Strategic Levers UAE,Engagement,March,36723345,41674224,63453435,66814132.36
Initiative Cards-Strategic Levers UAE-Engagement-April,Initiative Cards,Strategic Levers UAE,Engagement,April,24548782,16471063,88002217,83285194.95
Initiative Cards-Strategic Levers UAE-Engagement-May,Initiative Cards,Strategic Levers UAE,Engagement,May,45304491,45102342,133306708,128387536.8
Initiative Cards-Strategic Levers UAE-Engagement-June,Initiative Cards,Strategic Levers UAE,Engagement,June,0,20567377,133306708,148954914.2
Initiative Cards-Strategic Levers UAE-Engagement-July,Initiative Cards,Strategic Levers UAE,Engagement,July,0,6491416,133306708,155446330.4
Initiative Cards-Strategic Levers UAE-Engagement-August,Initiative Cards,Strategic Levers UAE,Engagement,August,0,4003332,133306708,159449662.3
Initiative Cards-Strategic Levers UAE-Engagement-September,Initiative Cards,Strategic Levers UAE,Engagement,September,0,4003332,133306708,163452994.1
Initiative Cards-Strategic Levers UAE-Engagement-October,Initiative Cards,Strategic Levers UAE,Engagement,October,0,28310804,133306708,191763798.5
Initiative Cards-Strategic Levers UAE-Engagement-November,Initiative Cards,Strategic Levers UAE,Engagement,November,0,24415337,133306708,216179135.7
Initiative Cards-Strategic Levers UAE-Engagement-December,Initiative Cards,Strategic Levers UAE,Engagement,December,0,36024504,133306708,252203639.8
Initiative Cards-Strategic Levers UAE-Paid Sessions-January,Initiative Cards,Strategic Levers UAE,Paid Sessions,January,57551,55033,57551,55032.82
Initiative Cards-Strategic Levers UAE-Paid Sessions-February,Initiative Cards,Strategic Levers UAE,Paid Sessions,February,70245,60626,127796,115658.75
Initiative Cards-Strategic Levers UAE-Paid Sessions-March,Initiative Cards,Strategic Levers UAE,Paid Sessions,March,257548,168039,385344,283697.5
Initiative Cards-Strategic Levers UAE-Paid Sessions-April,Initiative Cards,Strategic Levers UAE,Paid Sessions,April,145204,84361,530548,368058.8
Initiative Cards-Strategic Levers UAE-Paid Sessions-May,Initiative Cards,Strategic Levers UAE,Paid Sessions,May,703177,357974,1233725,726032.8
Initiative Cards-Strategic Levers UAE-Paid Sessions-June,Initiative Cards,Strategic Levers UAE,Paid Sessions,June,0,76254,1233725,802286.8
Initiative Cards-Strategic Levers UAE-Paid Sessions-July,Initiative Cards,Strategic Levers UAE,Paid Sessions,July,0,25384,1233725,827670.8
Initiative Cards-Strategic Levers UAE-Paid Sessions-August,Initiative Cards,Strategic Levers UAE,Paid Sessions,August,0,25384,1233725,853054.8
Initiative Cards-Strategic Levers UAE-Paid Sessions-September,Initiative Cards,Strategic Levers UAE,Paid Sessions,September,0,25384,1233725,878438.8
Initiative Cards-Strategic Levers UAE-Paid Sessions-October,Initiative Cards,Strategic Levers UAE,Paid Sessions,October,0,43701,1233725,922139.8
Initiative Cards-Strategic Levers UAE-Paid Sessions-November,Initiative Cards,Strategic Levers UAE,Paid Sessions,November,0,92559,1233725,1014698.8
Initiative Cards-Strategic Levers UAE-Paid Sessions-December,Initiative Cards,Strategic Levers UAE,Paid Sessions,December,0,81227,1233725,1095925.8